   480
     1   -0.364232    0.630868   -0.124064       0.001111
     2   -0.312199    0.540744   -0.124064       0.001111
     3   -0.260166    0.450620   -0.124064       0.001111
     4   -0.208133    0.360496   -0.124064       0.001111
     5   -0.156099    0.270372   -0.124064       0.001111
     6   -0.104066    0.180248   -0.124064       0.001111
     7   -0.052033    0.090124   -0.124064       0.001111
     8    0.000000    0.000000   -0.124064       0.001111
     9    0.052033   -0.090124   -0.124064       0.001111
    10    0.104066   -0.180248   -0.124064       0.001111
    11    0.156099   -0.270372   -0.124064       0.001111
    12    0.208133   -0.360496   -0.124064       0.001111
    13    0.260166   -0.450620   -0.124064       0.001111
    14    0.312199   -0.540744   -0.124064       0.001111
    15    0.364232   -0.630868   -0.124064       0.001111
    16   -0.312199    0.720993   -0.124064       0.002222
    17   -0.260166    0.630868   -0.124064       0.002222
    18   -0.208133    0.540744   -0.124064       0.002222
    19   -0.156099    0.450620   -0.124064       0.002222
    20   -0.104066    0.360496   -0.124064       0.002222
    21   -0.052033    0.270372   -0.124064       0.002222
    22    0.000000    0.180248   -0.124064       0.002222
    23    0.052033    0.090124   -0.124064       0.002222
    24    0.104066    0.000000   -0.124064       0.002222
    25    0.156099   -0.090124   -0.124064       0.002222
    26    0.208133   -0.180248   -0.124064       0.002222
    27    0.260166   -0.270372   -0.124064       0.002222
    28    0.312199   -0.360496   -0.124064       0.002222
    29    0.364232   -0.450620   -0.124064       0.002222
    30    0.416265   -0.540744   -0.124064       0.002222
    31   -0.260166    0.811117   -0.124064       0.002222
    32   -0.208133    0.720993   -0.124064       0.002222
    33   -0.156099    0.630868   -0.124064       0.002222
    34   -0.104066    0.540744   -0.124064       0.002222
    35   -0.052033    0.450620   -0.124064       0.002222
    36    0.000000    0.360496   -0.124064       0.002222
    37    0.052033    0.270372   -0.124064       0.002222
    38    0.104066    0.180248   -0.124064       0.002222
    39    0.156099    0.090124   -0.124064       0.002222
    40    0.208133    0.000000   -0.124064       0.002222
    41    0.260166   -0.090124   -0.124064       0.002222
    42    0.312199   -0.180248   -0.124064       0.002222
    43    0.364232   -0.270372   -0.124064       0.002222
    44    0.416265   -0.360496   -0.124064       0.002222
    45    0.468298   -0.450620   -0.124064       0.002222
    46   -0.208133    0.901241   -0.124064       0.002222
    47   -0.156099    0.811117   -0.124064       0.002222
    48   -0.104066    0.720993   -0.124064       0.002222
    49   -0.052033    0.630868   -0.124064       0.002222
    50    0.000000    0.540744   -0.124064       0.002222
    51    0.052033    0.450620   -0.124064       0.002222
    52    0.104066    0.360496   -0.124064       0.002222
    53    0.156099    0.270372   -0.124064       0.002222
    54    0.208133    0.180248   -0.124064       0.002222
    55    0.260166    0.090124   -0.124064       0.002222
    56    0.312199    0.000000   -0.124064       0.002222
    57    0.364232   -0.090124   -0.124064       0.002222
    58    0.416265   -0.180248   -0.124064       0.002222
    59    0.468298   -0.270372   -0.124064       0.002222
    60    0.520332   -0.360496   -0.124064       0.002222
    61   -0.156099    0.991365   -0.124064       0.002222
    62   -0.104066    0.901241   -0.124064       0.002222
    63   -0.052033    0.811117   -0.124064       0.002222
    64    0.000000    0.720993   -0.124064       0.002222
    65    0.052033    0.630868   -0.124064       0.002222
    66    0.104066    0.540744   -0.124064       0.002222
    67    0.156099    0.450620   -0.124064       0.002222
    68    0.208133    0.360496   -0.124064       0.002222
    69    0.260166    0.270372   -0.124064       0.002222
    70    0.312199    0.180248   -0.124064       0.002222
    71    0.364232    0.090124   -0.124064       0.002222
    72    0.416265    0.000000   -0.124064       0.002222
    73    0.468298   -0.090124   -0.124064       0.002222
    74    0.520332   -0.180248   -0.124064       0.002222
    75    0.572365   -0.270372   -0.124064       0.002222
    76   -0.104066    1.081489   -0.124064       0.002222
    77   -0.052033    0.991365   -0.124064       0.002222
    78    0.000000    0.901241   -0.124064       0.002222
    79    0.052033    0.811117   -0.124064       0.002222
    80    0.104066    0.720993   -0.124064       0.002222
    81    0.156099    0.630868   -0.124064       0.002222
    82    0.208133    0.540744   -0.124064       0.002222
    83    0.260166    0.450620   -0.124064       0.002222
    84    0.312199    0.360496   -0.124064       0.002222
    85    0.364232    0.270372   -0.124064       0.002222
    86    0.416265    0.180248   -0.124064       0.002222
    87    0.468298    0.090124   -0.124064       0.002222
    88    0.520332    0.000000   -0.124064       0.002222
    89    0.572365   -0.090124   -0.124064       0.002222
    90    0.624398   -0.180248   -0.124064       0.002222
    91   -0.052033    1.171613   -0.124064       0.002222
    92    0.000000    1.081489   -0.124064       0.002222
    93    0.052033    0.991365   -0.124064       0.002222
    94    0.104066    0.901241   -0.124064       0.002222
    95    0.156099    0.811117   -0.124064       0.002222
    96    0.208133    0.720993   -0.124064       0.002222
    97    0.260166    0.630868   -0.124064       0.002222
    98    0.312199    0.540744   -0.124064       0.002222
    99    0.364232    0.450620   -0.124064       0.002222
   100    0.416265    0.360496   -0.124064       0.002222
   101    0.468298    0.270372   -0.124064       0.002222
   102    0.520332    0.180248   -0.124064       0.002222
   103    0.572365    0.090124   -0.124064       0.002222
   104    0.624398    0.000000   -0.124064       0.002222
   105    0.676431   -0.090124   -0.124064       0.002222
   106    0.000000    1.261737   -0.124064       0.002222
   107    0.052033    1.171613   -0.124064       0.002222
   108    0.104066    1.081489   -0.124064       0.002222
   109    0.156099    0.991365   -0.124064       0.002222
   110    0.208133    0.901241   -0.124064       0.002222
   111    0.260166    0.811117   -0.124064       0.002222
   112    0.312199    0.720993   -0.124064       0.002222
   113    0.364232    0.630868   -0.124064       0.002222
   114    0.416265    0.540744   -0.124064       0.002222
   115    0.468298    0.450620   -0.124064       0.002222
   116    0.520332    0.360496   -0.124064       0.002222
   117    0.572365    0.270372   -0.124064       0.002222
   118    0.624398    0.180248   -0.124064       0.002222
   119    0.676431    0.090124   -0.124064       0.002222
   120    0.728464    0.000000   -0.124064       0.002222
   121   -0.364232    0.630868    0.000000       0.001111
   122   -0.312199    0.540744    0.000000       0.001111
   123   -0.260166    0.450620    0.000000       0.001111
   124   -0.208133    0.360496    0.000000       0.001111
   125   -0.156099    0.270372    0.000000       0.001111
   126   -0.104066    0.180248    0.000000       0.001111
   127   -0.052033    0.090124    0.000000       0.001111
   128    0.000000    0.000000    0.000000       0.001111
   129    0.052033   -0.090124    0.000000       0.001111
   130    0.104066   -0.180248    0.000000       0.001111
   131    0.156099   -0.270372    0.000000       0.001111
   132    0.208133   -0.360496    0.000000       0.001111
   133    0.260166   -0.450620    0.000000       0.001111
   134    0.312199   -0.540744    0.000000       0.001111
   135    0.364232   -0.630868    0.000000       0.001111
   136   -0.312199    0.720993    0.000000       0.002222
   137   -0.260166    0.630868    0.000000       0.002222
   138   -0.208133    0.540744    0.000000       0.002222
   139   -0.156099    0.450620    0.000000       0.002222
   140   -0.104066    0.360496    0.000000       0.002222
   141   -0.052033    0.270372    0.000000       0.002222
   142    0.000000    0.180248    0.000000       0.002222
   143    0.052033    0.090124    0.000000       0.002222
   144    0.104066    0.000000    0.000000       0.002222
   145    0.156099   -0.090124    0.000000       0.002222
   146    0.208133   -0.180248    0.000000       0.002222
   147    0.260166   -0.270372    0.000000       0.002222
   148    0.312199   -0.360496    0.000000       0.002222
   149    0.364232   -0.450620    0.000000       0.002222
   150    0.416265   -0.540744    0.000000       0.002222
   151   -0.260166    0.811117    0.000000       0.002222
   152   -0.208133    0.720993    0.000000       0.002222
   153   -0.156099    0.630868    0.000000       0.002222
   154   -0.104066    0.540744    0.000000       0.002222
   155   -0.052033    0.450620    0.000000       0.002222
   156    0.000000    0.360496    0.000000       0.002222
   157    0.052033    0.270372    0.000000       0.002222
   158    0.104066    0.180248    0.000000       0.002222
   159    0.156099    0.090124    0.000000       0.002222
   160    0.208133    0.000000    0.000000       0.002222
   161    0.260166   -0.090124    0.000000       0.002222
   162    0.312199   -0.180248    0.000000       0.002222
   163    0.364232   -0.270372    0.000000       0.002222
   164    0.416265   -0.360496    0.000000       0.002222
   165    0.468298   -0.450620    0.000000       0.002222
   166   -0.208133    0.901241    0.000000       0.002222
   167   -0.156099    0.811117    0.000000       0.002222
   168   -0.104066    0.720993    0.000000       0.002222
   169   -0.052033    0.630868    0.000000       0.002222
   170    0.000000    0.540744    0.000000       0.002222
   171    0.052033    0.450620    0.000000       0.002222
   172    0.104066    0.360496    0.000000       0.002222
   173    0.156099    0.270372    0.000000       0.002222
   174    0.208133    0.180248    0.000000       0.002222
   175    0.260166    0.090124    0.000000       0.002222
   176    0.312199    0.000000    0.000000       0.002222
   177    0.364232   -0.090124    0.000000       0.002222
   178    0.416265   -0.180248    0.000000       0.002222
   179    0.468298   -0.270372    0.000000       0.002222
   180    0.520332   -0.360496    0.000000       0.002222
   181   -0.156099    0.991365    0.000000       0.002222
   182   -0.104066    0.901241    0.000000       0.002222
   183   -0.052033    0.811117    0.000000       0.002222
   184    0.000000    0.720993    0.000000       0.002222
   185    0.052033    0.630868    0.000000       0.002222
   186    0.104066    0.540744    0.000000       0.002222
   187    0.156099    0.450620    0.000000       0.002222
   188    0.208133    0.360496    0.000000       0.002222
   189    0.260166    0.270372    0.000000       0.002222
   190    0.312199    0.180248    0.000000       0.002222
   191    0.364232    0.090124    0.000000       0.002222
   192    0.416265    0.000000    0.000000       0.002222
   193    0.468298   -0.090124    0.000000       0.002222
   194    0.520332   -0.180248    0.000000       0.002222
   195    0.572365   -0.270372    0.000000       0.002222
   196   -0.104066    1.081489    0.000000       0.002222
   197   -0.052033    0.991365    0.000000       0.002222
   198    0.000000    0.901241    0.000000       0.002222
   199    0.052033    0.811117    0.000000       0.002222
   200    0.104066    0.720993    0.000000       0.002222
   201    0.156099    0.630868    0.000000       0.002222
   202    0.208133    0.540744    0.000000       0.002222
   203    0.260166    0.450620    0.000000       0.002222
   204    0.312199    0.360496    0.000000       0.002222
   205    0.364232    0.270372    0.000000       0.002222
   206    0.416265    0.180248    0.000000       0.002222
   207    0.468298    0.090124    0.000000       0.002222
   208    0.520332    0.000000    0.000000       0.002222
   209    0.572365   -0.090124    0.000000       0.002222
   210    0.624398   -0.180248    0.000000       0.002222
   211   -0.052033    1.171613    0.000000       0.002222
   212    0.000000    1.081489    0.000000       0.002222
   213    0.052033    0.991365    0.000000       0.002222
   214    0.104066    0.901241    0.000000       0.002222
   215    0.156099    0.811117    0.000000       0.002222
   216    0.208133    0.720993    0.000000       0.002222
   217    0.260166    0.630868    0.000000       0.002222
   218    0.312199    0.540744    0.000000       0.002222
   219    0.364232    0.450620    0.000000       0.002222
   220    0.416265    0.360496    0.000000       0.002222
   221    0.468298    0.270372    0.000000       0.002222
   222    0.520332    0.180248    0.000000       0.002222
   223    0.572365    0.090124    0.000000       0.002222
   224    0.624398    0.000000    0.000000       0.002222
   225    0.676431   -0.090124    0.000000       0.002222
   226    0.000000    1.261737    0.000000       0.002222
   227    0.052033    1.171613    0.000000       0.002222
   228    0.104066    1.081489    0.000000       0.002222
   229    0.156099    0.991365    0.000000       0.002222
   230    0.208133    0.901241    0.000000       0.002222
   231    0.260166    0.811117    0.000000       0.002222
   232    0.312199    0.720993    0.000000       0.002222
   233    0.364232    0.630868    0.000000       0.002222
   234    0.416265    0.540744    0.000000       0.002222
   235    0.468298    0.450620    0.000000       0.002222
   236    0.520332    0.360496    0.000000       0.002222
   237    0.572365    0.270372    0.000000       0.002222
   238    0.624398    0.180248    0.000000       0.002222
   239    0.676431    0.090124    0.000000       0.002222
   240    0.728464    0.000000    0.000000       0.002222
   241   -0.364232    0.630868    0.124064       0.001111
   242   -0.312199    0.540744    0.124064       0.001111
   243   -0.260166    0.450620    0.124064       0.001111
   244   -0.208133    0.360496    0.124064       0.001111
   245   -0.156099    0.270372    0.124064       0.001111
   246   -0.104066    0.180248    0.124064       0.001111
   247   -0.052033    0.090124    0.124064       0.001111
   248    0.000000    0.000000    0.124064       0.001111
   249    0.052033   -0.090124    0.124064       0.001111
   250    0.104066   -0.180248    0.124064       0.001111
   251    0.156099   -0.270372    0.124064       0.001111
   252    0.208133   -0.360496    0.124064       0.001111
   253    0.260166   -0.450620    0.124064       0.001111
   254    0.312199   -0.540744    0.124064       0.001111
   255    0.364232   -0.630868    0.124064       0.001111
   256   -0.312199    0.720993    0.124064       0.002222
   257   -0.260166    0.630868    0.124064       0.002222
   258   -0.208133    0.540744    0.124064       0.002222
   259   -0.156099    0.450620    0.124064       0.002222
   260   -0.104066    0.360496    0.124064       0.002222
   261   -0.052033    0.270372    0.124064       0.002222
   262    0.000000    0.180248    0.124064       0.002222
   263    0.052033    0.090124    0.124064       0.002222
   264    0.104066    0.000000    0.124064       0.002222
   265    0.156099   -0.090124    0.124064       0.002222
   266    0.208133   -0.180248    0.124064       0.002222
   267    0.260166   -0.270372    0.124064       0.002222
   268    0.312199   -0.360496    0.124064       0.002222
   269    0.364232   -0.450620    0.124064       0.002222
   270    0.416265   -0.540744    0.124064       0.002222
   271   -0.260166    0.811117    0.124064       0.002222
   272   -0.208133    0.720993    0.124064       0.002222
   273   -0.156099    0.630868    0.124064       0.002222
   274   -0.104066    0.540744    0.124064       0.002222
   275   -0.052033    0.450620    0.124064       0.002222
   276    0.000000    0.360496    0.124064       0.002222
   277    0.052033    0.270372    0.124064       0.002222
   278    0.104066    0.180248    0.124064       0.002222
   279    0.156099    0.090124    0.124064       0.002222
   280    0.208133    0.000000    0.124064       0.002222
   281    0.260166   -0.090124    0.124064       0.002222
   282    0.312199   -0.180248    0.124064       0.002222
   283    0.364232   -0.270372    0.124064       0.002222
   284    0.416265   -0.360496    0.124064       0.002222
   285    0.468298   -0.450620    0.124064       0.002222
   286   -0.208133    0.901241    0.124064       0.002222
   287   -0.156099    0.811117    0.124064       0.002222
   288   -0.104066    0.720993    0.124064       0.002222
   289   -0.052033    0.630868    0.124064       0.002222
   290    0.000000    0.540744    0.124064       0.002222
   291    0.052033    0.450620    0.124064       0.002222
   292    0.104066    0.360496    0.124064       0.002222
   293    0.156099    0.270372    0.124064       0.002222
   294    0.208133    0.180248    0.124064       0.002222
   295    0.260166    0.090124    0.124064       0.002222
   296    0.312199    0.000000    0.124064       0.002222
   297    0.364232   -0.090124    0.124064       0.002222
   298    0.416265   -0.180248    0.124064       0.002222
   299    0.468298   -0.270372    0.124064       0.002222
   300    0.520332   -0.360496    0.124064       0.002222
   301   -0.156099    0.991365    0.124064       0.002222
   302   -0.104066    0.901241    0.124064       0.002222
   303   -0.052033    0.811117    0.124064       0.002222
   304    0.000000    0.720993    0.124064       0.002222
   305    0.052033    0.630868    0.124064       0.002222
   306    0.104066    0.540744    0.124064       0.002222
   307    0.156099    0.450620    0.124064       0.002222
   308    0.208133    0.360496    0.124064       0.002222
   309    0.260166    0.270372    0.124064       0.002222
   310    0.312199    0.180248    0.124064       0.002222
   311    0.364232    0.090124    0.124064       0.002222
   312    0.416265    0.000000    0.124064       0.002222
   313    0.468298   -0.090124    0.124064       0.002222
   314    0.520332   -0.180248    0.124064       0.002222
   315    0.572365   -0.270372    0.124064       0.002222
   316   -0.104066    1.081489    0.124064       0.002222
   317   -0.052033    0.991365    0.124064       0.002222
   318    0.000000    0.901241    0.124064       0.002222
   319    0.052033    0.811117    0.124064       0.002222
   320    0.104066    0.720993    0.124064       0.002222
   321    0.156099    0.630868    0.124064       0.002222
   322    0.208133    0.540744    0.124064       0.002222
   323    0.260166    0.450620    0.124064       0.002222
   324    0.312199    0.360496    0.124064       0.002222
   325    0.364232    0.270372    0.124064       0.002222
   326    0.416265    0.180248    0.124064       0.002222
   327    0.468298    0.090124    0.124064       0.002222
   328    0.520332    0.000000    0.124064       0.002222
   329    0.572365   -0.090124    0.124064       0.002222
   330    0.624398   -0.180248    0.124064       0.002222
   331   -0.052033    1.171613    0.124064       0.002222
   332    0.000000    1.081489    0.124064       0.002222
   333    0.052033    0.991365    0.124064       0.002222
   334    0.104066    0.901241    0.124064       0.002222
   335    0.156099    0.811117    0.124064       0.002222
   336    0.208133    0.720993    0.124064       0.002222
   337    0.260166    0.630868    0.124064       0.002222
   338    0.312199    0.540744    0.124064       0.002222
   339    0.364232    0.450620    0.124064       0.002222
   340    0.416265    0.360496    0.124064       0.002222
   341    0.468298    0.270372    0.124064       0.002222
   342    0.520332    0.180248    0.124064       0.002222
   343    0.572365    0.090124    0.124064       0.002222
   344    0.624398    0.000000    0.124064       0.002222
   345    0.676431   -0.090124    0.124064       0.002222
   346    0.000000    1.261737    0.124064       0.002222
   347    0.052033    1.171613    0.124064       0.002222
   348    0.104066    1.081489    0.124064       0.002222
   349    0.156099    0.991365    0.124064       0.002222
   350    0.208133    0.901241    0.124064       0.002222
   351    0.260166    0.811117    0.124064       0.002222
   352    0.312199    0.720993    0.124064       0.002222
   353    0.364232    0.630868    0.124064       0.002222
   354    0.416265    0.540744    0.124064       0.002222
   355    0.468298    0.450620    0.124064       0.002222
   356    0.520332    0.360496    0.124064       0.002222
   357    0.572365    0.270372    0.124064       0.002222
   358    0.624398    0.180248    0.124064       0.002222
   359    0.676431    0.090124    0.124064       0.002222
   360    0.728464    0.000000    0.124064       0.002222
   361   -0.364232    0.630868    0.248128       0.001111
   362   -0.312199    0.540744    0.248128       0.001111
   363   -0.260166    0.450620    0.248128       0.001111
   364   -0.208133    0.360496    0.248128       0.001111
   365   -0.156099    0.270372    0.248128       0.001111
   366   -0.104066    0.180248    0.248128       0.001111
   367   -0.052033    0.090124    0.248128       0.001111
   368    0.000000    0.000000    0.248128       0.001111
   369    0.052033   -0.090124    0.248128       0.001111
   370    0.104066   -0.180248    0.248128       0.001111
   371    0.156099   -0.270372    0.248128       0.001111
   372    0.208133   -0.360496    0.248128       0.001111
   373    0.260166   -0.450620    0.248128       0.001111
   374    0.312199   -0.540744    0.248128       0.001111
   375    0.364232   -0.630868    0.248128       0.001111
   376   -0.312199    0.720993    0.248128       0.002222
   377   -0.260166    0.630868    0.248128       0.002222
   378   -0.208133    0.540744    0.248128       0.002222
   379   -0.156099    0.450620    0.248128       0.002222
   380   -0.104066    0.360496    0.248128       0.002222
   381   -0.052033    0.270372    0.248128       0.002222
   382    0.000000    0.180248    0.248128       0.002222
   383    0.052033    0.090124    0.248128       0.002222
   384    0.104066    0.000000    0.248128       0.002222
   385    0.156099   -0.090124    0.248128       0.002222
   386    0.208133   -0.180248    0.248128       0.002222
   387    0.260166   -0.270372    0.248128       0.002222
   388    0.312199   -0.360496    0.248128       0.002222
   389    0.364232   -0.450620    0.248128       0.002222
   390    0.416265   -0.540744    0.248128       0.002222
   391   -0.260166    0.811117    0.248128       0.002222
   392   -0.208133    0.720993    0.248128       0.002222
   393   -0.156099    0.630868    0.248128       0.002222
   394   -0.104066    0.540744    0.248128       0.002222
   395   -0.052033    0.450620    0.248128       0.002222
   396    0.000000    0.360496    0.248128       0.002222
   397    0.052033    0.270372    0.248128       0.002222
   398    0.104066    0.180248    0.248128       0.002222
   399    0.156099    0.090124    0.248128       0.002222
   400    0.208133    0.000000    0.248128       0.002222
   401    0.260166   -0.090124    0.248128       0.002222
   402    0.312199   -0.180248    0.248128       0.002222
   403    0.364232   -0.270372    0.248128       0.002222
   404    0.416265   -0.360496    0.248128       0.002222
   405    0.468298   -0.450620    0.248128       0.002222
   406   -0.208133    0.901241    0.248128       0.002222
   407   -0.156099    0.811117    0.248128       0.002222
   408   -0.104066    0.720993    0.248128       0.002222
   409   -0.052033    0.630868    0.248128       0.002222
   410    0.000000    0.540744    0.248128       0.002222
   411    0.052033    0.450620    0.248128       0.002222
   412    0.104066    0.360496    0.248128       0.002222
   413    0.156099    0.270372    0.248128       0.002222
   414    0.208133    0.180248    0.248128       0.002222
   415    0.260166    0.090124    0.248128       0.002222
   416    0.312199    0.000000    0.248128       0.002222
   417    0.364232   -0.090124    0.248128       0.002222
   418    0.416265   -0.180248    0.248128       0.002222
   419    0.468298   -0.270372    0.248128       0.002222
   420    0.520332   -0.360496    0.248128       0.002222
   421   -0.156099    0.991365    0.248128       0.002222
   422   -0.104066    0.901241    0.248128       0.002222
   423   -0.052033    0.811117    0.248128       0.002222
   424    0.000000    0.720993    0.248128       0.002222
   425    0.052033    0.630868    0.248128       0.002222
   426    0.104066    0.540744    0.248128       0.002222
   427    0.156099    0.450620    0.248128       0.002222
   428    0.208133    0.360496    0.248128       0.002222
   429    0.260166    0.270372    0.248128       0.002222
   430    0.312199    0.180248    0.248128       0.002222
   431    0.364232    0.090124    0.248128       0.002222
   432    0.416265    0.000000    0.248128       0.002222
   433    0.468298   -0.090124    0.248128       0.002222
   434    0.520332   -0.180248    0.248128       0.002222
   435    0.572365   -0.270372    0.248128       0.002222
   436   -0.104066    1.081489    0.248128       0.002222
   437   -0.052033    0.991365    0.248128       0.002222
   438    0.000000    0.901241    0.248128       0.002222
   439    0.052033    0.811117    0.248128       0.002222
   440    0.104066    0.720993    0.248128       0.002222
   441    0.156099    0.630868    0.248128       0.002222
   442    0.208133    0.540744    0.248128       0.002222
   443    0.260166    0.450620    0.248128       0.002222
   444    0.312199    0.360496    0.248128       0.002222
   445    0.364232    0.270372    0.248128       0.002222
   446    0.416265    0.180248    0.248128       0.002222
   447    0.468298    0.090124    0.248128       0.002222
   448    0.520332    0.000000    0.248128       0.002222
   449    0.572365   -0.090124    0.248128       0.002222
   450    0.624398   -0.180248    0.248128       0.002222
   451   -0.052033    1.171613    0.248128       0.002222
   452    0.000000    1.081489    0.248128       0.002222
   453    0.052033    0.991365    0.248128       0.002222
   454    0.104066    0.901241    0.248128       0.002222
   455    0.156099    0.811117    0.248128       0.002222
   456    0.208133    0.720993    0.248128       0.002222
   457    0.260166    0.630868    0.248128       0.002222
   458    0.312199    0.540744    0.248128       0.002222
   459    0.364232    0.450620    0.248128       0.002222
   460    0.416265    0.360496    0.248128       0.002222
   461    0.468298    0.270372    0.248128       0.002222
   462    0.520332    0.180248    0.248128       0.002222
   463    0.572365    0.090124    0.248128       0.002222
   464    0.624398    0.000000    0.248128       0.002222
   465    0.676431   -0.090124    0.248128       0.002222
   466    0.000000    1.261737    0.248128       0.002222
   467    0.052033    1.171613    0.248128       0.002222
   468    0.104066    1.081489    0.248128       0.002222
   469    0.156099    0.991365    0.248128       0.002222
   470    0.208133    0.901241    0.248128       0.002222
   471    0.260166    0.811117    0.248128       0.002222
   472    0.312199    0.720993    0.248128       0.002222
   473    0.364232    0.630868    0.248128       0.002222
   474    0.416265    0.540744    0.248128       0.002222
   475    0.468298    0.450620    0.248128       0.002222
   476    0.520332    0.360496    0.248128       0.002222
   477    0.572365    0.270372    0.248128       0.002222
   478    0.624398    0.180248    0.248128       0.002222
   479    0.676431    0.090124    0.248128       0.002222
   480    0.728464    0.000000    0.248128       0.002222
