   120
     1   -0.491022   -0.283492    0.000000       0.004444
     2   -0.420876   -0.242993    0.000000       0.004444
     3   -0.350730   -0.202494    0.000000       0.004444
     4   -0.280584   -0.161995    0.000000       0.004444
     5   -0.210438   -0.121496    0.000000       0.004444
     6   -0.140292   -0.080998    0.000000       0.004444
     7   -0.070146   -0.040499    0.000000       0.004444
     8    0.000000    0.000000    0.000000       0.004444
     9    0.070146    0.040499    0.000000       0.004444
    10    0.140292    0.080998    0.000000       0.004444
    11    0.210438    0.121496    0.000000       0.004444
    12    0.280584    0.161995    0.000000       0.004444
    13    0.350730    0.202494    0.000000       0.004444
    14    0.420876    0.242993    0.000000       0.004444
    15    0.491022    0.283492    0.000000       0.004444
    16   -0.491022   -0.202494    0.000000       0.008889
    17   -0.420876   -0.161995    0.000000       0.008889
    18   -0.350730   -0.121496    0.000000       0.008889
    19   -0.280584   -0.080998    0.000000       0.008889
    20   -0.210438   -0.040499    0.000000       0.008889
    21   -0.140292    0.000000    0.000000       0.008889
    22   -0.070146    0.040499    0.000000       0.008889
    23    0.000000    0.080998    0.000000       0.008889
    24    0.070146    0.121496    0.000000       0.008889
    25    0.140292    0.161995    0.000000       0.008889
    26    0.210438    0.202494    0.000000       0.008889
    27    0.280584    0.242993    0.000000       0.008889
    28    0.350730    0.283492    0.000000       0.008889
    29    0.420876    0.323990    0.000000       0.008889
    30    0.491022    0.364489    0.000000       0.008889
    31   -0.491022   -0.121496    0.000000       0.008889
    32   -0.420876   -0.080998    0.000000       0.008889
    33   -0.350730   -0.040499    0.000000       0.008889
    34   -0.280584    0.000000    0.000000       0.008889
    35   -0.210438    0.040499    0.000000       0.008889
    36   -0.140292    0.080998    0.000000       0.008889
    37   -0.070146    0.121496    0.000000       0.008889
    38    0.000000    0.161995    0.000000       0.008889
    39    0.070146    0.202494    0.000000       0.008889
    40    0.140292    0.242993    0.000000       0.008889
    41    0.210438    0.283492    0.000000       0.008889
    42    0.280584    0.323990    0.000000       0.008889
    43    0.350730    0.364489    0.000000       0.008889
    44    0.420876    0.404988    0.000000       0.008889
    45    0.491022    0.445487    0.000000       0.008889
    46   -0.491022   -0.040499    0.000000       0.008889
    47   -0.420876    0.000000    0.000000       0.008889
    48   -0.350730    0.040499    0.000000       0.008889
    49   -0.280584    0.080998    0.000000       0.008889
    50   -0.210438    0.121496    0.000000       0.008889
    51   -0.140292    0.161995    0.000000       0.008889
    52   -0.070146    0.202494    0.000000       0.008889
    53    0.000000    0.242993    0.000000       0.008889
    54    0.070146    0.283492    0.000000       0.008889
    55    0.140292    0.323990    0.000000       0.008889
    56    0.210438    0.364489    0.000000       0.008889
    57    0.280584    0.404988    0.000000       0.008889
    58    0.350730    0.445487    0.000000       0.008889
    59    0.420876    0.485985    0.000000       0.008889
    60    0.491022    0.526484    0.000000       0.008889
    61   -0.491022    0.040499    0.000000       0.008889
    62   -0.420876    0.080998    0.000000       0.008889
    63   -0.350730    0.121496    0.000000       0.008889
    64   -0.280584    0.161995    0.000000       0.008889
    65   -0.210438    0.202494    0.000000       0.008889
    66   -0.140292    0.242993    0.000000       0.008889
    67   -0.070146    0.283492    0.000000       0.008889
    68    0.000000    0.323990    0.000000       0.008889
    69    0.070146    0.364489    0.000000       0.008889
    70    0.140292    0.404988    0.000000       0.008889
    71    0.210438    0.445487    0.000000       0.008889
    72    0.280584    0.485985    0.000000       0.008889
    73    0.350730    0.526484    0.000000       0.008889
    74    0.420876    0.566983    0.000000       0.008889
    75    0.491022    0.607482    0.000000       0.008889
    76   -0.491022    0.121496    0.000000       0.008889
    77   -0.420876    0.161995    0.000000       0.008889
    78   -0.350730    0.202494    0.000000       0.008889
    79   -0.280584    0.242993    0.000000       0.008889
    80   -0.210438    0.283492    0.000000       0.008889
    81   -0.140292    0.323990    0.000000       0.008889
    82   -0.070146    0.364489    0.000000       0.008889
    83    0.000000    0.404988    0.000000       0.008889
    84    0.070146    0.445487    0.000000       0.008889
    85    0.140292    0.485985    0.000000       0.008889
    86    0.210438    0.526484    0.000000       0.008889
    87    0.280584    0.566983    0.000000       0.008889
    88    0.350730    0.607482    0.000000       0.008889
    89    0.420876    0.647981    0.000000       0.008889
    90    0.491022    0.688479    0.000000       0.008889
    91   -0.491022    0.202494    0.000000       0.008889
    92   -0.420876    0.242993    0.000000       0.008889
    93   -0.350730    0.283492    0.000000       0.008889
    94   -0.280584    0.323990    0.000000       0.008889
    95   -0.210438    0.364489    0.000000       0.008889
    96   -0.140292    0.404988    0.000000       0.008889
    97   -0.070146    0.445487    0.000000       0.008889
    98    0.000000    0.485985    0.000000       0.008889
    99    0.070146    0.526484    0.000000       0.008889
   100    0.140292    0.566983    0.000000       0.008889
   101    0.210438    0.607482    0.000000       0.008889
   102    0.280584    0.647981    0.000000       0.008889
   103    0.350730    0.688479    0.000000       0.008889
   104    0.420876    0.728978    0.000000       0.008889
   105    0.491022    0.769477    0.000000       0.008889
   106   -0.491022    0.283492    0.000000       0.008889
   107   -0.420876    0.323990    0.000000       0.008889
   108   -0.350730    0.364489    0.000000       0.008889
   109   -0.280584    0.404988    0.000000       0.008889
   110   -0.210438    0.445487    0.000000       0.008889
   111   -0.140292    0.485985    0.000000       0.008889
   112   -0.070146    0.526484    0.000000       0.008889
   113    0.000000    0.566983    0.000000       0.008889
   114    0.070146    0.607482    0.000000       0.008889
   115    0.140292    0.647981    0.000000       0.008889
   116    0.210438    0.688479    0.000000       0.008889
   117    0.280584    0.728978    0.000000       0.008889
   118    0.350730    0.769477    0.000000       0.008889
   119    0.420876    0.809976    0.000000       0.008889
   120    0.491022    0.850475    0.000000       0.008889
