               -399.1410297195
          0.000493146       0.000000296       0.000000000
          0.000000296       0.000492639       0.000000000
          0.000000000       0.000000000       0.000367539
           6
  1    74      -0.000018084      -0.000207269       0.000000036  W
  2    16       0.000018866       0.000144779      -0.000281595  S
  2    16       0.000018872       0.000144784       0.000281558  S
  1    74       0.000018066       0.000207286       0.000000039  W
  2    16      -0.000018870      -0.000144790      -0.000281600  S
  2    16      -0.000018867      -0.000144790       0.000281561  S
