               -345.0603328661
          0.000448692       0.000000090       0.000000000
          0.000000090       0.000449011      -0.000000000
          0.000000000      -0.000000000       0.000268502
           6
  1    41       0.000002907      -0.000002998       0.000000000  Nb
  2    16      -0.000001887      -0.000000848      -0.000226549  S
  2    16      -0.000001887      -0.000000847       0.000226549  S
  1    41      -0.000002905       0.000003001      -0.000000000  Nb
  2    16       0.000001868       0.000000846      -0.000230106  S
  2    16       0.000001868       0.000000845       0.000230106  S
