   190
     1   -0.640228   -0.369582    0.000000       0.002770
     2   -0.569092   -0.328517    0.000000       0.002770
     3   -0.497955   -0.287453    0.000000       0.002770
     4   -0.426819   -0.246388    0.000000       0.002770
     5   -0.355682   -0.205323    0.000000       0.002770
     6   -0.284546   -0.164259    0.000000       0.002770
     7   -0.213409   -0.123194    0.000000       0.002770
     8   -0.142273   -0.082129    0.000000       0.002770
     9   -0.071136   -0.041065    0.000000       0.002770
    10    0.000000    0.000000    0.000000       0.002770
    11    0.071136    0.041065    0.000000       0.002770
    12    0.142273    0.082129    0.000000       0.002770
    13    0.213409    0.123194    0.000000       0.002770
    14    0.284546    0.164259    0.000000       0.002770
    15    0.355682    0.205323    0.000000       0.002770
    16    0.426819    0.246388    0.000000       0.002770
    17    0.497955    0.287453    0.000000       0.002770
    18    0.569092    0.328517    0.000000       0.002770
    19    0.640228    0.369582    0.000000       0.002770
    20   -0.640228   -0.287453    0.000000       0.005540
    21   -0.569092   -0.246388    0.000000       0.005540
    22   -0.497955   -0.205323    0.000000       0.005540
    23   -0.426819   -0.164259    0.000000       0.005540
    24   -0.355682   -0.123194    0.000000       0.005540
    25   -0.284546   -0.082129    0.000000       0.005540
    26   -0.213409   -0.041065    0.000000       0.005540
    27   -0.142273    0.000000    0.000000       0.005540
    28   -0.071136    0.041065    0.000000       0.005540
    29    0.000000    0.082129    0.000000       0.005540
    30    0.071136    0.123194    0.000000       0.005540
    31    0.142273    0.164259    0.000000       0.005540
    32    0.213409    0.205323    0.000000       0.005540
    33    0.284546    0.246388    0.000000       0.005540
    34    0.355682    0.287453    0.000000       0.005540
    35    0.426819    0.328517    0.000000       0.005540
    36    0.497955    0.369582    0.000000       0.005540
    37    0.569092    0.410647    0.000000       0.005540
    38    0.640228    0.451711    0.000000       0.005540
    39   -0.640228   -0.205323    0.000000       0.005540
    40   -0.569092   -0.164259    0.000000       0.005540
    41   -0.497955   -0.123194    0.000000       0.005540
    42   -0.426819   -0.082129    0.000000       0.005540
    43   -0.355682   -0.041065    0.000000       0.005540
    44   -0.284546    0.000000    0.000000       0.005540
    45   -0.213409    0.041065    0.000000       0.005540
    46   -0.142273    0.082129    0.000000       0.005540
    47   -0.071136    0.123194    0.000000       0.005540
    48    0.000000    0.164259    0.000000       0.005540
    49    0.071136    0.205323    0.000000       0.005540
    50    0.142273    0.246388    0.000000       0.005540
    51    0.213409    0.287453    0.000000       0.005540
    52    0.284546    0.328517    0.000000       0.005540
    53    0.355682    0.369582    0.000000       0.005540
    54    0.426819    0.410647    0.000000       0.005540
    55    0.497955    0.451711    0.000000       0.005540
    56    0.569092    0.492776    0.000000       0.005540
    57    0.640228    0.533840    0.000000       0.005540
    58   -0.640228   -0.123194    0.000000       0.005540
    59   -0.569092   -0.082129    0.000000       0.005540
    60   -0.497955   -0.041065    0.000000       0.005540
    61   -0.426819    0.000000    0.000000       0.005540
    62   -0.355682    0.041065    0.000000       0.005540
    63   -0.284546    0.082129    0.000000       0.005540
    64   -0.213409    0.123194    0.000000       0.005540
    65   -0.142273    0.164259    0.000000       0.005540
    66   -0.071136    0.205323    0.000000       0.005540
    67    0.000000    0.246388    0.000000       0.005540
    68    0.071136    0.287453    0.000000       0.005540
    69    0.142273    0.328517    0.000000       0.005540
    70    0.213409    0.369582    0.000000       0.005540
    71    0.284546    0.410647    0.000000       0.005540
    72    0.355682    0.451711    0.000000       0.005540
    73    0.426819    0.492776    0.000000       0.005540
    74    0.497955    0.533840    0.000000       0.005540
    75    0.569092    0.574905    0.000000       0.005540
    76    0.640228    0.615970    0.000000       0.005540
    77   -0.640228   -0.041065    0.000000       0.005540
    78   -0.569092    0.000000    0.000000       0.005540
    79   -0.497955    0.041065    0.000000       0.005540
    80   -0.426819    0.082129    0.000000       0.005540
    81   -0.355682    0.123194    0.000000       0.005540
    82   -0.284546    0.164259    0.000000       0.005540
    83   -0.213409    0.205323    0.000000       0.005540
    84   -0.142273    0.246388    0.000000       0.005540
    85   -0.071136    0.287453    0.000000       0.005540
    86    0.000000    0.328517    0.000000       0.005540
    87    0.071136    0.369582    0.000000       0.005540
    88    0.142273    0.410647    0.000000       0.005540
    89    0.213409    0.451711    0.000000       0.005540
    90    0.284546    0.492776    0.000000       0.005540
    91    0.355682    0.533840    0.000000       0.005540
    92    0.426819    0.574905    0.000000       0.005540
    93    0.497955    0.615970    0.000000       0.005540
    94    0.569092    0.657034    0.000000       0.005540
    95    0.640228    0.698099    0.000000       0.005540
    96   -0.640228    0.041065    0.000000       0.005540
    97   -0.569092    0.082129    0.000000       0.005540
    98   -0.497955    0.123194    0.000000       0.005540
    99   -0.426819    0.164259    0.000000       0.005540
   100   -0.355682    0.205323    0.000000       0.005540
   101   -0.284546    0.246388    0.000000       0.005540
   102   -0.213409    0.287453    0.000000       0.005540
   103   -0.142273    0.328517    0.000000       0.005540
   104   -0.071136    0.369582    0.000000       0.005540
   105    0.000000    0.410647    0.000000       0.005540
   106    0.071136    0.451711    0.000000       0.005540
   107    0.142273    0.492776    0.000000       0.005540
   108    0.213409    0.533840    0.000000       0.005540
   109    0.284546    0.574905    0.000000       0.005540
   110    0.355682    0.615970    0.000000       0.005540
   111    0.426819    0.657034    0.000000       0.005540
   112    0.497955    0.698099    0.000000       0.005540
   113    0.569092    0.739164    0.000000       0.005540
   114    0.640228    0.780228    0.000000       0.005540
   115   -0.640228    0.123194    0.000000       0.005540
   116   -0.569092    0.164259    0.000000       0.005540
   117   -0.497955    0.205323    0.000000       0.005540
   118   -0.426819    0.246388    0.000000       0.005540
   119   -0.355682    0.287453    0.000000       0.005540
   120   -0.284546    0.328517    0.000000       0.005540
   121   -0.213409    0.369582    0.000000       0.005540
   122   -0.142273    0.410647    0.000000       0.005540
   123   -0.071136    0.451711    0.000000       0.005540
   124    0.000000    0.492776    0.000000       0.005540
   125    0.071136    0.533840    0.000000       0.005540
   126    0.142273    0.574905    0.000000       0.005540
   127    0.213409    0.615970    0.000000       0.005540
   128    0.284546    0.657034    0.000000       0.005540
   129    0.355682    0.698099    0.000000       0.005540
   130    0.426819    0.739164    0.000000       0.005540
   131    0.497955    0.780228    0.000000       0.005540
   132    0.569092    0.821293    0.000000       0.005540
   133    0.640228    0.862358    0.000000       0.005540
   134   -0.640228    0.205323    0.000000       0.005540
   135   -0.569092    0.246388    0.000000       0.005540
   136   -0.497955    0.287453    0.000000       0.005540
   137   -0.426819    0.328517    0.000000       0.005540
   138   -0.355682    0.369582    0.000000       0.005540
   139   -0.284546    0.410647    0.000000       0.005540
   140   -0.213409    0.451711    0.000000       0.005540
   141   -0.142273    0.492776    0.000000       0.005540
   142   -0.071136    0.533840    0.000000       0.005540
   143    0.000000    0.574905    0.000000       0.005540
   144    0.071136    0.615970    0.000000       0.005540
   145    0.142273    0.657034    0.000000       0.005540
   146    0.213409    0.698099    0.000000       0.005540
   147    0.284546    0.739164    0.000000       0.005540
   148    0.355682    0.780228    0.000000       0.005540
   149    0.426819    0.821293    0.000000       0.005540
   150    0.497955    0.862358    0.000000       0.005540
   151    0.569092    0.903422    0.000000       0.005540
   152    0.640228    0.944487    0.000000       0.005540
   153   -0.640228    0.287453    0.000000       0.005540
   154   -0.569092    0.328517    0.000000       0.005540
   155   -0.497955    0.369582    0.000000       0.005540
   156   -0.426819    0.410647    0.000000       0.005540
   157   -0.355682    0.451711    0.000000       0.005540
   158   -0.284546    0.492776    0.000000       0.005540
   159   -0.213409    0.533840    0.000000       0.005540
   160   -0.142273    0.574905    0.000000       0.005540
   161   -0.071136    0.615970    0.000000       0.005540
   162    0.000000    0.657034    0.000000       0.005540
   163    0.071136    0.698099    0.000000       0.005540
   164    0.142273    0.739164    0.000000       0.005540
   165    0.213409    0.780228    0.000000       0.005540
   166    0.284546    0.821293    0.000000       0.005540
   167    0.355682    0.862358    0.000000       0.005540
   168    0.426819    0.903422    0.000000       0.005540
   169    0.497955    0.944487    0.000000       0.005540
   170    0.569092    0.985552    0.000000       0.005540
   171    0.640228    1.026616    0.000000       0.005540
   172   -0.640228    0.369582    0.000000       0.005540
   173   -0.569092    0.410647    0.000000       0.005540
   174   -0.497955    0.451711    0.000000       0.005540
   175   -0.426819    0.492776    0.000000       0.005540
   176   -0.355682    0.533840    0.000000       0.005540
   177   -0.284546    0.574905    0.000000       0.005540
   178   -0.213409    0.615970    0.000000       0.005540
   179   -0.142273    0.657034    0.000000       0.005540
   180   -0.071136    0.698099    0.000000       0.005540
   181    0.000000    0.739164    0.000000       0.005540
   182    0.071136    0.780228    0.000000       0.005540
   183    0.142273    0.821293    0.000000       0.005540
   184    0.213409    0.862358    0.000000       0.005540
   185    0.284546    0.903422    0.000000       0.005540
   186    0.355682    0.944487    0.000000       0.005540
   187    0.426819    0.985552    0.000000       0.005540
   188    0.497955    1.026616    0.000000       0.005540
   189    0.569092    1.067681    0.000000       0.005540
   190    0.640228    1.108746    0.000000       0.005540
