               -376.8483271467
          0.000528255       0.000000044      -0.000000000
          0.000000044       0.000528218      -0.000000000
          0.000000000      -0.000000000       0.000310266
           6
  1    42       0.000140251      -0.000083982       0.000000088  Mo
  2    16      -0.000108392       0.000065732      -0.000055369  S
  2    16      -0.000108386       0.000065711       0.000055281  S
  1    42      -0.000140235       0.000083948       0.000000089  Mo
  2    16       0.000108375      -0.000065706      -0.000055369  S
  2    16       0.000108364      -0.000065697       0.000055284  S
